TIMES: [0.000019]
ITERS: 1
SIZE: 1
BATCHTIME: 1.946600e-05
SELFTIMED: 1.946600e-05
0
TIMES: [0.000014]
ITERS: 1
SIZE: 1
BATCHTIME: 1.414700e-05
SELFTIMED: 1.414700e-05
0
'#()
