TIMES: [0.000018]
ITERS: 1
SIZE: 1
BATCHTIME: 1.846400e-05
SELFTIMED: 1.846400e-05
0
TIMES: [0.000016]
ITERS: 1
SIZE: 1
BATCHTIME: 1.567000e-05
SELFTIMED: 1.567000e-05
0
'#()
