TIMES: [0.000025]
ITERS: 1
SIZE: 1
BATCHTIME: 2.513700e-05
SELFTIMED: 2.513700e-05
0
TIMES: [0.000014]
ITERS: 1
SIZE: 1
BATCHTIME: 1.380600e-05
SELFTIMED: 1.380600e-05
0
'#()
