TIMES: [0.000024]
ITERS: 1
SIZE: 1
BATCHTIME: 2.414500e-05
SELFTIMED: 2.414500e-05
0
TIMES: [0.000016]
ITERS: 1
SIZE: 1
BATCHTIME: 1.605000e-05
SELFTIMED: 1.605000e-05
0
'#()
