Running the Compiler IR Program: 
Running pass verifyIR (fold, uses=9): 
ITER TIMES: [0.003362, 0.003366, 0.003370, 0.003370, 0.003371, 0.003371, 0.003372, 0.003372, 0.003375, 0.003375, 0.003376, 0.003380, 0.003382, 0.003383, 0.003383, 0.003385, 0.003387, 0.003387, 0.003390, 0.003392, 0.003393, 0.003394, 0.003398, 0.003399, 0.003399, 0.003401, 0.003403, 0.003404, 0.003404, 0.003405, 0.003406, 0.003406, 0.003407, 0.003408, 0.003409, 0.003411, 0.003412, 0.003413, 0.003414, 0.003415, 0.003416, 0.003417, 0.003418, 0.003422, 0.003423, 0.003423, 0.003424, 0.003426, 0.003428, 0.003429, 0.003430, 0.003431, 0.003433, 0.003434, 0.003436, 0.003437, 0.003443, 0.003446, 0.003446, 0.003447, 0.003447, 0.003452, 0.003452, 0.003454, 0.003456, 0.003459, 0.003461, 0.003465, 0.003473, 0.003473, 0.003487, 0.003488, 0.003488, 0.003490, 0.003492, 0.003493, 0.003496, 0.003497, 0.003499, 0.003510, 0.003512, 0.003596, 0.003658, 0.003905, 0.003987, 0.004552, 0.005246, 0.006170, 0.006377, 0.007885, 0.010030, 0.011339, 0.013262, 0.016673, 0.017237, 0.017247, 0.017260, 0.017290, 0.017422]
ITERS: 99
SIZE: 1
BATCHTIME: 4.604397e-01
SELFTIMED: 3.429132e-03
End
Running pass instCountPass (fold, uses=2): 
ITER TIMES: [0.001916, 0.001917, 0.001918, 0.001918, 0.001918, 0.001918, 0.001918, 0.001918, 0.001918, 0.001918, 0.001918, 0.001918, 0.001918, 0.001918, 0.001918, 0.001918, 0.001918, 0.001918, 0.001918, 0.001918, 0.001919, 0.001919, 0.001919, 0.001919, 0.001919, 0.001919, 0.001919, 0.001919, 0.001919, 0.001919, 0.001920, 0.001920, 0.001920, 0.001920, 0.001920, 0.001920, 0.001920, 0.001920, 0.001920, 0.001920, 0.001920, 0.001920, 0.001920, 0.001920, 0.001920, 0.001920, 0.001921, 0.001921, 0.001921, 0.001921, 0.001921, 0.001922, 0.001922, 0.001922, 0.001922, 0.001922, 0.001923, 0.001923, 0.001923, 0.001923, 0.001924, 0.001924, 0.001924, 0.001925, 0.001925, 0.001926, 0.001926, 0.001927, 0.001927, 0.001928, 0.001928, 0.001928, 0.001930, 0.001931, 0.001931, 0.001932, 0.001933, 0.001934, 0.001938, 0.001939, 0.001939, 0.001940, 0.001940, 0.001941, 0.001942, 0.001943, 0.001943, 0.001947, 0.001948, 0.001950, 0.001951, 0.001956, 0.001959, 0.001960, 0.001964, 0.001967, 0.001978, 0.001980, 0.002021]
ITERS: 99
SIZE: 1
BATCHTIME: 1.909187e-01
SELFTIMED: 1.921100e-03
End
Running pass blockCountPass (fold, uses=2): 
ITER TIMES: [0.001914, 0.001915, 0.001915, 0.001916, 0.001916, 0.001916, 0.001916, 0.001916, 0.001916, 0.001916, 0.001916, 0.001916, 0.001916, 0.001916, 0.001916, 0.001916, 0.001916, 0.001916, 0.001916, 0.001916, 0.001917, 0.001917, 0.001917, 0.001918, 0.001918, 0.001918, 0.001918, 0.001919, 0.001919, 0.001919, 0.001919, 0.001919, 0.001919, 0.001919, 0.001920, 0.001920, 0.001920, 0.001920, 0.001920, 0.001920, 0.001920, 0.001920, 0.001920, 0.001920, 0.001921, 0.001922, 0.001923, 0.001923, 0.001923, 0.001924, 0.001924, 0.001924, 0.001924, 0.001924, 0.001925, 0.001925, 0.001926, 0.001927, 0.001928, 0.001928, 0.001930, 0.001930, 0.001932, 0.001933, 0.001933, 0.001933, 0.001935, 0.001936, 0.001937, 0.001939, 0.001940, 0.001940, 0.001941, 0.001943, 0.001944, 0.001945, 0.001946, 0.001946, 0.001952, 0.001953, 0.001955, 0.001955, 0.001956, 0.001957, 0.001972, 0.001978, 0.001983, 0.001999, 0.002001, 0.002006, 0.002044, 0.002051, 0.002066, 0.002067, 0.002069, 0.002074, 0.002107, 0.002133, 0.002154]
ITERS: 99
SIZE: 1
BATCHTIME: 1.924729e-01
SELFTIMED: 1.923646e-03
End
Running pass memoryOpStatsPass (fold, uses=3): 
ITER TIMES: [0.003719, 0.003723, 0.003744, 0.003750, 0.003750, 0.003751, 0.003751, 0.003753, 0.003754, 0.003754, 0.003755, 0.003756, 0.003757, 0.003757, 0.003760, 0.003761, 0.003763, 0.003764, 0.003765, 0.003766, 0.003767, 0.003767, 0.003768, 0.003770, 0.003770, 0.003771, 0.003771, 0.003772, 0.003772, 0.003774, 0.003774, 0.003775, 0.003775, 0.003778, 0.003780, 0.003780, 0.003781, 0.003781, 0.003785, 0.003785, 0.003786, 0.003788, 0.003789, 0.003789, 0.003789, 0.003789, 0.003791, 0.003791, 0.003791, 0.003793, 0.003793, 0.003794, 0.003795, 0.003795, 0.003797, 0.003798, 0.003799, 0.003800, 0.003801, 0.003802, 0.003803, 0.003803, 0.003803, 0.003804, 0.003806, 0.003807, 0.003807, 0.003807, 0.003807, 0.003812, 0.003813, 0.003813, 0.003814, 0.003817, 0.003824, 0.003824, 0.003825, 0.003825, 0.003827, 0.003832, 0.003843, 0.003844, 0.003856, 0.003857, 0.003858, 0.003859, 0.003866, 0.003866, 0.003881, 0.003888, 0.003891, 0.003895, 0.003898, 0.003906, 0.003912, 0.003915, 0.003918, 0.003923, 0.003943]
ITERS: 99
SIZE: 1
BATCHTIME: 3.765034e-01
SELFTIMED: 3.792557e-03
End
Running pass castInstCountPass (fold, uses=3): 
ITER TIMES: [0.001287, 0.001287, 0.001287, 0.001287, 0.001287, 0.001287, 0.001288, 0.001288, 0.001288, 0.001288, 0.001288, 0.001288, 0.001288, 0.001288, 0.001288, 0.001288, 0.001288, 0.001288, 0.001288, 0.001288, 0.001288, 0.001288, 0.001288, 0.001288, 0.001288, 0.001288, 0.001288, 0.001288, 0.001288, 0.001288, 0.001288, 0.001288, 0.001288, 0.001288, 0.001288, 0.001288, 0.001288, 0.001289, 0.001289, 0.001289, 0.001289, 0.001289, 0.001289, 0.001290, 0.001290, 0.001290, 0.001290, 0.001290, 0.001290, 0.001290, 0.001290, 0.001290, 0.001291, 0.001291, 0.001291, 0.001291, 0.001291, 0.001291, 0.001292, 0.001292, 0.001292, 0.001292, 0.001292, 0.001292, 0.001292, 0.001293, 0.001293, 0.001293, 0.001293, 0.001294, 0.001298, 0.001298, 0.001299, 0.001299, 0.001300, 0.001300, 0.001302, 0.001303, 0.001304, 0.001304, 0.001306, 0.001308, 0.001308, 0.001309, 0.001311, 0.001311, 0.001312, 0.001313, 0.001316, 0.001318, 0.001320, 0.001322, 0.001322, 0.001330, 0.001330, 0.001333, 0.001338, 0.001342, 0.001388]
ITERS: 99
SIZE: 1
BATCHTIME: 1.283936e-01
SELFTIMED: 1.290394e-03
End
Running pass branchStatsPass (fold, uses=2): 
ITER TIMES: [0.003334, 0.003335, 0.003335, 0.003335, 0.003336, 0.003337, 0.003338, 0.003338, 0.003339, 0.003341, 0.003341, 0.003342, 0.003342, 0.003342, 0.003344, 0.003344, 0.003349, 0.003351, 0.003351, 0.003352, 0.003352, 0.003352, 0.003353, 0.003353, 0.003353, 0.003354, 0.003355, 0.003356, 0.003356, 0.003356, 0.003356, 0.003357, 0.003357, 0.003358, 0.003358, 0.003361, 0.003362, 0.003363, 0.003364, 0.003365, 0.003367, 0.003367, 0.003367, 0.003368, 0.003368, 0.003370, 0.003370, 0.003371, 0.003372, 0.003372, 0.003374, 0.003375, 0.003375, 0.003377, 0.003377, 0.003377, 0.003379, 0.003379, 0.003380, 0.003382, 0.003382, 0.003382, 0.003384, 0.003385, 0.003386, 0.003388, 0.003392, 0.003393, 0.003393, 0.003394, 0.003396, 0.003397, 0.003398, 0.003402, 0.003406, 0.003407, 0.003414, 0.003425, 0.003430, 0.003434, 0.003436, 0.003439, 0.003440, 0.003446, 0.003446, 0.003450, 0.003451, 0.003457, 0.003457, 0.003458, 0.003463, 0.003470, 0.003475, 0.003482, 0.003484, 0.003487, 0.003490, 0.003510, 0.003511]
ITERS: 99
SIZE: 1
BATCHTIME: 3.352767e-01
SELFTIMED: 3.372468e-03
End
Running pass latencyModelPass (fold, uses=3): 
ITER TIMES: [0.002891, 0.002893, 0.002898, 0.002899, 0.002900, 0.002902, 0.002903, 0.002904, 0.002904, 0.002905, 0.002905, 0.002905, 0.002905, 0.002907, 0.002908, 0.002908, 0.002909, 0.002910, 0.002910, 0.002910, 0.002910, 0.002910, 0.002911, 0.002911, 0.002912, 0.002913, 0.002913, 0.002915, 0.002915, 0.002916, 0.002916, 0.002917, 0.002920, 0.002921, 0.002921, 0.002923, 0.002923, 0.002923, 0.002924, 0.002925, 0.002926, 0.002927, 0.002928, 0.002929, 0.002929, 0.002930, 0.002930, 0.002930, 0.002931, 0.002932, 0.002934, 0.002934, 0.002936, 0.002936, 0.002936, 0.002937, 0.002938, 0.002938, 0.002938, 0.002938, 0.002939, 0.002939, 0.002940, 0.002940, 0.002940, 0.002940, 0.002941, 0.002942, 0.002942, 0.002943, 0.002944, 0.002945, 0.002945, 0.002946, 0.002946, 0.002946, 0.002947, 0.002947, 0.002949, 0.002950, 0.002953, 0.002955, 0.002955, 0.002956, 0.002956, 0.002959, 0.002959, 0.002961, 0.002961, 0.002962, 0.002962, 0.002964, 0.002970, 0.002971, 0.002979, 0.002980, 0.002981, 0.002997, 0.003086]
ITERS: 99
SIZE: 1
BATCHTIME: 2.904101e-01
SELFTIMED: 2.931893e-03
End
Running pass has cycle (fold, uses=4): 
ITER TIMES: [0.016742, 0.016758, 0.016767, 0.016768, 0.016779, 0.016781, 0.016788, 0.016791, 0.016794, 0.016800, 0.016810, 0.016811, 0.016811, 0.016811, 0.016828, 0.016832, 0.016846, 0.016853, 0.016867, 0.016875, 0.016928, 0.016956, 0.016965, 0.016970, 0.016994, 0.017002, 0.017021, 0.017031, 0.017052, 0.017052, 0.017069, 0.017109, 0.017120, 0.017123, 0.017130, 0.017160, 0.017183, 0.017231, 0.017237, 0.017248, 0.017262, 0.017265, 0.017265, 0.017274, 0.017279, 0.017303, 0.017312, 0.017321, 0.017325, 0.017327, 0.017335, 0.017338, 0.017340, 0.017342, 0.017348, 0.017348, 0.017349, 0.017349, 0.017349, 0.017349, 0.017353, 0.017356, 0.017359, 0.017360, 0.017370, 0.017374, 0.017374, 0.017375, 0.017375, 0.017377, 0.017381, 0.017382, 0.017383, 0.017386, 0.017393, 0.017399, 0.017400, 0.017400, 0.017401, 0.017401, 0.017412, 0.017417, 0.017417, 0.017421, 0.017422, 0.017423, 0.017428, 0.017434, 0.017438, 0.017445, 0.017447, 0.017450, 0.017451, 0.017454, 0.017485, 0.017537, 0.017560, 0.017655, 0.031202]
ITERS: 99
SIZE: 1
BATCHTIME: 1.717174e+00
SELFTIMED: 1.732743e-02
End
Running pass throughputModelPass (fold, uses=3): 
ITER TIMES: [0.002908, 0.002910, 0.002912, 0.002913, 0.002914, 0.002914, 0.002914, 0.002917, 0.002917, 0.002919, 0.002920, 0.002920, 0.002921, 0.002923, 0.002926, 0.002926, 0.002926, 0.002927, 0.002927, 0.002927, 0.002927, 0.002928, 0.002928, 0.002929, 0.002930, 0.002931, 0.002931, 0.002932, 0.002934, 0.002934, 0.002934, 0.002935, 0.002935, 0.002935, 0.002936, 0.002937, 0.002938, 0.002940, 0.002941, 0.002942, 0.002942, 0.002943, 0.002945, 0.002945, 0.002946, 0.002947, 0.002947, 0.002948, 0.002949, 0.002950, 0.002952, 0.002953, 0.002953, 0.002953, 0.002955, 0.002956, 0.002956, 0.002956, 0.002956, 0.002956, 0.002956, 0.002956, 0.002957, 0.002958, 0.002958, 0.002959, 0.002960, 0.002960, 0.002962, 0.002963, 0.002963, 0.002963, 0.002965, 0.002966, 0.002968, 0.002970, 0.002971, 0.002973, 0.002973, 0.002974, 0.002974, 0.002975, 0.002977, 0.002978, 0.002978, 0.002980, 0.002985, 0.002986, 0.002987, 0.002989, 0.002992, 0.002993, 0.002998, 0.003006, 0.003008, 0.003012, 0.003016, 0.003030, 0.003047]
ITERS: 99
SIZE: 1
BATCHTIME: 2.922494e-01
SELFTIMED: 2.950176e-03
End: 
Running pass targetReturnPass (map, uses=9): 
ITER TIMES: [0.085195, 0.085475, 0.086114, 0.086114, 0.086216, 0.086256, 0.086282, 0.086331, 0.086369, 0.086380, 0.086386, 0.086451, 0.086466, 0.086485, 0.086501, 0.086505, 0.086543, 0.086547, 0.086563, 0.086568, 0.086602, 0.086689, 0.086724, 0.086764, 0.086808, 0.086844, 0.086862, 0.086862, 0.086871, 0.086875, 0.086898, 0.086908, 0.086911, 0.086927, 0.087012, 0.087031, 0.087052, 0.087089, 0.087128, 0.087147, 0.087150, 0.087160, 0.087216, 0.087263, 0.087279, 0.087299, 0.087320, 0.087331, 0.087347, 0.087376, 0.087402, 0.087419, 0.087466, 0.087561, 0.087605, 0.087630, 0.087699, 0.087811, 0.087869, 0.087896, 0.087929, 0.088034, 0.088044, 0.088065, 0.088074, 0.088102, 0.088132, 0.088165, 0.088175, 0.088230, 0.088271, 0.088271, 0.088348, 0.088357, 0.088363, 0.088408, 0.088454, 0.088463, 0.088480, 0.088639, 0.088656, 0.088666, 0.088729, 0.088749, 0.088755, 0.088775, 0.088857, 0.088955, 0.089136, 0.089192, 0.089374, 0.089443, 0.089679, 0.116229, 0.136280, 0.137159, 0.148862, 0.182446, 0.193092]
ITERS: 99
SIZE: 1
BATCHTIME: 9.048894e+00
SELFTIMED: 8.737560e-02
End
Running pass stripSideEffectsPass (map, uses=7): 
ITER TIMES: [0.085327, 0.085475, 0.085824, 0.086015, 0.086204, 0.086207, 0.086212, 0.086320, 0.086416, 0.086422, 0.086444, 0.086537, 0.086634, 0.086646, 0.086655, 0.086684, 0.086694, 0.086724, 0.086762, 0.086785, 0.086801, 0.086807, 0.086864, 0.086879, 0.086908, 0.086964, 0.086969, 0.086976, 0.087001, 0.087003, 0.087023, 0.087028, 0.087050, 0.087087, 0.087122, 0.087132, 0.087167, 0.087174, 0.087185, 0.087200, 0.087257, 0.087265, 0.087287, 0.087313, 0.087338, 0.087342, 0.087361, 0.087368, 0.087397, 0.087457, 0.087467, 0.087481, 0.087483, 0.087556, 0.087605, 0.087687, 0.087828, 0.088033, 0.088033, 0.088089, 0.088094, 0.088142, 0.088199, 0.088212, 0.088213, 0.088227, 0.088245, 0.088284, 0.088285, 0.088309, 0.088313, 0.088323, 0.088391, 0.088406, 0.088452, 0.088484, 0.088520, 0.088550, 0.088554, 0.088557, 0.088586, 0.088611, 0.088620, 0.088623, 0.088714, 0.088771, 0.088782, 0.088799, 0.088997, 0.089072, 0.089094, 0.089309, 0.089386, 0.089639, 0.089686, 0.089871, 0.091552, 0.092618, 0.202459]
ITERS: 99
SIZE: 1
BATCHTIME: 8.795923e+00
SELFTIMED: 8.745670e-02
End
'#(5714285 714285 535714 267857 14285715 #t 10000001)
