Running the Compiler IR Program: 
Running pass verifyIR (fold, uses=9): 
ITER TIMES: [0.012736, 0.012744, 0.012758, 0.012758, 0.012761, 0.012765, 0.012765, 0.012765, 0.012768, 0.012772, 0.012773, 0.012775, 0.012778, 0.012779, 0.012781, 0.012784, 0.012786, 0.012787, 0.012790, 0.012790, 0.012792, 0.012795, 0.012797, 0.012798, 0.012801, 0.012801, 0.012811, 0.012812, 0.012813, 0.012815, 0.012815, 0.012817, 0.012818, 0.012820, 0.012824, 0.012827, 0.012829, 0.012831, 0.012835, 0.012837, 0.012838, 0.012838, 0.012840, 0.012840, 0.012841, 0.012842, 0.012845, 0.012845, 0.012846, 0.012848, 0.012851, 0.012852, 0.012853, 0.012853, 0.012853, 0.012855, 0.012856, 0.012856, 0.012857, 0.012859, 0.012861, 0.012863, 0.012864, 0.012865, 0.012866, 0.012866, 0.012873, 0.012875, 0.012876, 0.012880, 0.012884, 0.012884, 0.012885, 0.012885, 0.012886, 0.012887, 0.012890, 0.012892, 0.012899, 0.012905, 0.012905, 0.012913, 0.012916, 0.012920, 0.012925, 0.012926, 0.012928, 0.012941, 0.012959, 0.012959, 0.012965, 0.013001, 0.013005, 0.013027, 0.013102, 0.013123, 0.013185, 0.013411, 0.013818]
ITERS: 99
SIZE: 1
BATCHTIME: 1.274190e+00
SELFTIMED: 1.284842e-02
End
Running pass instCountPass (fold, uses=2): 
ITER TIMES: [0.012372, 0.012373, 0.012374, 0.012375, 0.012375, 0.012381, 0.012384, 0.012388, 0.012388, 0.012389, 0.012392, 0.012393, 0.012393, 0.012394, 0.012394, 0.012403, 0.012406, 0.012406, 0.012407, 0.012409, 0.012410, 0.012411, 0.012411, 0.012412, 0.012412, 0.012414, 0.012414, 0.012415, 0.012415, 0.012415, 0.012417, 0.012417, 0.012417, 0.012418, 0.012419, 0.012419, 0.012419, 0.012421, 0.012421, 0.012422, 0.012422, 0.012423, 0.012424, 0.012425, 0.012425, 0.012425, 0.012426, 0.012426, 0.012427, 0.012429, 0.012430, 0.012431, 0.012432, 0.012434, 0.012436, 0.012439, 0.012441, 0.012441, 0.012441, 0.012442, 0.012443, 0.012443, 0.012443, 0.012444, 0.012445, 0.012445, 0.012447, 0.012448, 0.012449, 0.012451, 0.012452, 0.012454, 0.012458, 0.012459, 0.012461, 0.012463, 0.012463, 0.012469, 0.012470, 0.012471, 0.012471, 0.012471, 0.012482, 0.012484, 0.012484, 0.012488, 0.012488, 0.012488, 0.012495, 0.012499, 0.012501, 0.012501, 0.012522, 0.012523, 0.012543, 0.012552, 0.012635, 0.012711, 0.012741]
ITERS: 99
SIZE: 1
BATCHTIME: 1.231893e+00
SELFTIMED: 1.242927e-02
End
Running pass blockCountPass (fold, uses=2): 
ITER TIMES: [0.012354, 0.012354, 0.012360, 0.012360, 0.012361, 0.012368, 0.012369, 0.012369, 0.012369, 0.012369, 0.012370, 0.012370, 0.012373, 0.012374, 0.012375, 0.012375, 0.012377, 0.012377, 0.012378, 0.012378, 0.012378, 0.012378, 0.012378, 0.012380, 0.012381, 0.012385, 0.012385, 0.012386, 0.012387, 0.012388, 0.012388, 0.012394, 0.012394, 0.012395, 0.012397, 0.012398, 0.012398, 0.012399, 0.012399, 0.012400, 0.012400, 0.012401, 0.012401, 0.012401, 0.012401, 0.012402, 0.012403, 0.012403, 0.012405, 0.012406, 0.012407, 0.012407, 0.012408, 0.012409, 0.012410, 0.012411, 0.012412, 0.012412, 0.012414, 0.012415, 0.012415, 0.012415, 0.012416, 0.012417, 0.012417, 0.012418, 0.012419, 0.012420, 0.012421, 0.012423, 0.012423, 0.012423, 0.012424, 0.012428, 0.012429, 0.012431, 0.012432, 0.012433, 0.012433, 0.012434, 0.012436, 0.012436, 0.012437, 0.012439, 0.012447, 0.012448, 0.012450, 0.012451, 0.012451, 0.012454, 0.012456, 0.012474, 0.012475, 0.012496, 0.012517, 0.012595, 0.012626, 0.012703, 0.012725]
ITERS: 99
SIZE: 1
BATCHTIME: 1.229280e+00
SELFTIMED: 1.240645e-02
End
Running pass memoryOpStatsPass (fold, uses=3): 
ITER TIMES: [0.012054, 0.012058, 0.012063, 0.012066, 0.012069, 0.012069, 0.012070, 0.012070, 0.012073, 0.012077, 0.012078, 0.012078, 0.012078, 0.012078, 0.012081, 0.012082, 0.012082, 0.012082, 0.012083, 0.012083, 0.012084, 0.012085, 0.012086, 0.012086, 0.012086, 0.012087, 0.012092, 0.012093, 0.012094, 0.012095, 0.012095, 0.012096, 0.012097, 0.012098, 0.012098, 0.012100, 0.012101, 0.012102, 0.012103, 0.012103, 0.012103, 0.012106, 0.012108, 0.012108, 0.012110, 0.012110, 0.012110, 0.012113, 0.012113, 0.012114, 0.012115, 0.012115, 0.012115, 0.012116, 0.012117, 0.012119, 0.012119, 0.012119, 0.012120, 0.012121, 0.012121, 0.012123, 0.012124, 0.012124, 0.012124, 0.012124, 0.012124, 0.012125, 0.012128, 0.012128, 0.012129, 0.012129, 0.012130, 0.012132, 0.012133, 0.012134, 0.012135, 0.012135, 0.012135, 0.012136, 0.012136, 0.012136, 0.012136, 0.012143, 0.012143, 0.012146, 0.012146, 0.012150, 0.012153, 0.012156, 0.012167, 0.012178, 0.012201, 0.012214, 0.012263, 0.012299, 0.012384, 0.012409, 0.012493]
ITERS: 99
SIZE: 1
BATCHTIME: 1.200247e+00
SELFTIMED: 1.211432e-02
End
Running pass castInstCountPass (fold, uses=3): 
ITER TIMES: [0.018696, 0.018701, 0.018720, 0.018723, 0.018725, 0.018733, 0.018742, 0.018744, 0.018764, 0.018766, 0.018767, 0.018779, 0.018784, 0.018813, 0.018816, 0.018819, 0.018819, 0.018821, 0.018821, 0.018822, 0.018830, 0.018831, 0.018833, 0.018835, 0.018836, 0.018837, 0.018837, 0.018840, 0.018841, 0.018841, 0.018841, 0.018843, 0.018844, 0.018845, 0.018845, 0.018845, 0.018846, 0.018846, 0.018846, 0.018846, 0.018850, 0.018851, 0.018854, 0.018856, 0.018857, 0.018857, 0.018859, 0.018859, 0.018863, 0.018863, 0.018864, 0.018865, 0.018865, 0.018866, 0.018869, 0.018871, 0.018872, 0.018881, 0.018882, 0.018883, 0.018888, 0.018891, 0.018891, 0.018891, 0.018894, 0.018895, 0.018896, 0.018902, 0.018903, 0.018904, 0.018919, 0.018922, 0.018924, 0.018925, 0.018932, 0.018936, 0.018938, 0.018943, 0.018945, 0.018963, 0.018970, 0.018971, 0.018976, 0.018978, 0.018990, 0.018991, 0.019017, 0.019023, 0.019028, 0.019040, 0.019085, 0.019117, 0.019318, 0.019350, 0.020473, 0.026502, 0.035110, 0.048926, 0.065956]
ITERS: 99
SIZE: 1
BATCHTIME: 1.971592e+00
SELFTIMED: 1.886271e-02
End
Running pass branchStatsPass (fold, uses=2): 
ITER TIMES: [0.011904, 0.011923, 0.011924, 0.011929, 0.011931, 0.011932, 0.011932, 0.011933, 0.011934, 0.011935, 0.011936, 0.011937, 0.011937, 0.011938, 0.011938, 0.011939, 0.011942, 0.011943, 0.011944, 0.011944, 0.011945, 0.011947, 0.011949, 0.011950, 0.011951, 0.011952, 0.011953, 0.011954, 0.011954, 0.011956, 0.011957, 0.011957, 0.011960, 0.011961, 0.011961, 0.011962, 0.011962, 0.011963, 0.011967, 0.011969, 0.011970, 0.011971, 0.011973, 0.011974, 0.011975, 0.011977, 0.011978, 0.011978, 0.011982, 0.011984, 0.011986, 0.011986, 0.011987, 0.011987, 0.011987, 0.011988, 0.011989, 0.011989, 0.011990, 0.011990, 0.011992, 0.011992, 0.011993, 0.011994, 0.011994, 0.011994, 0.011995, 0.011997, 0.011997, 0.011998, 0.011998, 0.011999, 0.012000, 0.012000, 0.012001, 0.012001, 0.012001, 0.012002, 0.012003, 0.012004, 0.012004, 0.012005, 0.012006, 0.012008, 0.012011, 0.012012, 0.012016, 0.012021, 0.012021, 0.012023, 0.012036, 0.012047, 0.012075, 0.012101, 0.012147, 0.012205, 0.012219, 0.012271, 0.012308]
ITERS: 99
SIZE: 1
BATCHTIME: 1.186937e+00
SELFTIMED: 1.198358e-02
End
Running pass latencyModelPass (fold, uses=3): 
ITER TIMES: [0.012242, 0.012244, 0.012256, 0.012257, 0.012258, 0.012260, 0.012264, 0.012265, 0.012266, 0.012266, 0.012267, 0.012267, 0.012267, 0.012270, 0.012271, 0.012272, 0.012273, 0.012275, 0.012275, 0.012277, 0.012277, 0.012280, 0.012281, 0.012281, 0.012281, 0.012287, 0.012287, 0.012292, 0.012293, 0.012294, 0.012295, 0.012297, 0.012297, 0.012298, 0.012298, 0.012299, 0.012299, 0.012299, 0.012301, 0.012302, 0.012302, 0.012303, 0.012304, 0.012305, 0.012305, 0.012306, 0.012309, 0.012310, 0.012312, 0.012313, 0.012315, 0.012317, 0.012318, 0.012321, 0.012321, 0.012322, 0.012322, 0.012324, 0.012324, 0.012324, 0.012325, 0.012326, 0.012326, 0.012327, 0.012328, 0.012329, 0.012331, 0.012331, 0.012332, 0.012333, 0.012334, 0.012335, 0.012335, 0.012337, 0.012352, 0.012356, 0.012356, 0.012367, 0.012367, 0.012367, 0.012371, 0.012376, 0.012384, 0.012391, 0.012403, 0.012467, 0.012495, 0.012502, 0.012557, 0.012567, 0.012606, 0.012713, 0.013389, 0.015057, 0.017269, 0.026944, 0.031784, 0.035893, 0.036058]
ITERS: 99
SIZE: 1
BATCHTIME: 1.310430e+00
SELFTIMED: 1.231335e-02
End
Running pass has cycle (fold, uses=4): 
ITER TIMES: [0.024971, 0.025008, 0.025054, 0.025127, 0.025149, 0.025150, 0.025156, 0.025165, 0.025168, 0.025174, 0.025177, 0.025180, 0.025190, 0.025192, 0.025196, 0.025196, 0.025197, 0.025202, 0.025203, 0.025205, 0.025206, 0.025210, 0.025214, 0.025216, 0.025224, 0.025225, 0.025225, 0.025230, 0.025230, 0.025232, 0.025234, 0.025237, 0.025238, 0.025238, 0.025239, 0.025242, 0.025243, 0.025243, 0.025246, 0.025246, 0.025247, 0.025248, 0.025249, 0.025250, 0.025250, 0.025254, 0.025256, 0.025256, 0.025257, 0.025258, 0.025261, 0.025263, 0.025265, 0.025274, 0.025277, 0.025277, 0.025279, 0.025287, 0.025288, 0.025288, 0.025289, 0.025289, 0.025292, 0.025301, 0.025303, 0.025307, 0.025308, 0.025308, 0.025311, 0.025319, 0.025320, 0.025320, 0.025321, 0.025323, 0.025328, 0.025330, 0.025331, 0.025335, 0.025335, 0.025337, 0.025343, 0.025345, 0.025346, 0.025350, 0.025353, 0.025361, 0.025364, 0.025367, 0.025377, 0.025378, 0.025401, 0.025411, 0.025411, 0.025412, 0.025443, 0.025487, 0.025600, 0.025697, 0.040644]
ITERS: 99
SIZE: 1
BATCHTIME: 2.517360e+00
SELFTIMED: 2.525835e-02
End
Running pass throughputModelPass (fold, uses=3): 
ITER TIMES: [0.012253, 0.012263, 0.012278, 0.012285, 0.012303, 0.012307, 0.012310, 0.012310, 0.012313, 0.012317, 0.012322, 0.012327, 0.012328, 0.012328, 0.012329, 0.012330, 0.012331, 0.012332, 0.012332, 0.012333, 0.012335, 0.012337, 0.012338, 0.012339, 0.012341, 0.012344, 0.012344, 0.012344, 0.012345, 0.012348, 0.012348, 0.012352, 0.012356, 0.012356, 0.012361, 0.012362, 0.012362, 0.012363, 0.012364, 0.012365, 0.012366, 0.012366, 0.012368, 0.012369, 0.012369, 0.012370, 0.012371, 0.012371, 0.012372, 0.012372, 0.012373, 0.012374, 0.012377, 0.012378, 0.012378, 0.012378, 0.012381, 0.012383, 0.012383, 0.012385, 0.012386, 0.012388, 0.012388, 0.012389, 0.012394, 0.012394, 0.012397, 0.012397, 0.012397, 0.012398, 0.012400, 0.012401, 0.012402, 0.012403, 0.012407, 0.012409, 0.012411, 0.012413, 0.012415, 0.012419, 0.012419, 0.012420, 0.012420, 0.012426, 0.012429, 0.012432, 0.012433, 0.012436, 0.012438, 0.012443, 0.012443, 0.012448, 0.012457, 0.012461, 0.012485, 0.012502, 0.012549, 0.012632, 0.012645]
ITERS: 99
SIZE: 1
BATCHTIME: 1.225648e+00
SELFTIMED: 1.237210e-02
End: 
Running pass targetReturnPass (map, uses=9): 
ITER TIMES: [0.074091, 0.074267, 0.074591, 0.074742, 0.075203, 0.075702, 0.075797, 0.075842, 0.075898, 0.076224, 0.076298, 0.076465, 0.076554, 0.076704, 0.076882, 0.077217, 0.077444, 0.077655, 0.077669, 0.078128, 0.078477, 0.078495, 0.078546, 0.078576, 0.078614, 0.078615, 0.078624, 0.078633, 0.078716, 0.078783, 0.078820, 0.078858, 0.078864, 0.078875, 0.078933, 0.078951, 0.078971, 0.078974, 0.078987, 0.079026, 0.079037, 0.079039, 0.079065, 0.079081, 0.079108, 0.079145, 0.079168, 0.079172, 0.079179, 0.079189, 0.079233, 0.079278, 0.079284, 0.079297, 0.079367, 0.079399, 0.079423, 0.079464, 0.079530, 0.079537, 0.079552, 0.079561, 0.079571, 0.079632, 0.079639, 0.079671, 0.079684, 0.079707, 0.079749, 0.079904, 0.079918, 0.079925, 0.079980, 0.079982, 0.079982, 0.080037, 0.080071, 0.080080, 0.080188, 0.080270, 0.080348, 0.080361, 0.080391, 0.080458, 0.080480, 0.080495, 0.080542, 0.080562, 0.080666, 0.080681, 0.080701, 0.080776, 0.080832, 0.080881, 0.081000, 0.081020, 0.081071, 0.081253, 0.192660]
ITERS: 99
SIZE: 1
BATCHTIME: 7.925988e+00
SELFTIMED: 7.918924e-02
End
Running pass stripSideEffectsPass (map, uses=7): 
ITER TIMES: [0.074479, 0.074755, 0.074833, 0.074988, 0.075342, 0.075439, 0.075657, 0.075999, 0.076424, 0.077051, 0.077148, 0.077160, 0.077278, 0.077653, 0.077687, 0.077782, 0.078167, 0.078198, 0.078221, 0.078421, 0.078621, 0.078868, 0.078957, 0.078976, 0.079054, 0.079068, 0.079085, 0.079104, 0.079120, 0.079124, 0.079126, 0.079178, 0.079279, 0.079284, 0.079328, 0.079408, 0.079429, 0.079452, 0.079456, 0.079463, 0.079512, 0.079521, 0.079542, 0.079566, 0.079611, 0.079637, 0.079663, 0.079664, 0.079722, 0.079728, 0.079769, 0.079793, 0.079797, 0.079798, 0.079858, 0.079945, 0.079975, 0.080004, 0.080009, 0.080031, 0.080057, 0.080078, 0.080078, 0.080079, 0.080107, 0.080142, 0.080149, 0.080235, 0.080244, 0.080273, 0.080279, 0.080402, 0.080411, 0.080431, 0.080436, 0.080460, 0.080606, 0.080633, 0.080711, 0.080714, 0.080728, 0.080740, 0.080782, 0.080789, 0.080935, 0.080989, 0.081113, 0.081113, 0.081184, 0.081190, 0.081242, 0.081265, 0.081304, 0.081408, 0.081521, 0.081540, 0.081565, 0.081697, 0.100974]
ITERS: 99
SIZE: 1
BATCHTIME: 7.879810e+00
SELFTIMED: 7.972844e-02
End
'#(5714285 714285 535714 267857 14285715 #t 10000001)
