Running the Compiler IR Program: 
Running pass verifyIR (fold, uses=9): 
ITER TIMES: [0.012689, 0.012696, 0.012703, 0.012707, 0.012709, 0.012710, 0.012714, 0.012717, 0.012718, 0.012718, 0.012721, 0.012723, 0.012724, 0.012728, 0.012730, 0.012733, 0.012735, 0.012737, 0.012740, 0.012740, 0.012742, 0.012746, 0.012752, 0.012756, 0.012758, 0.012758, 0.012759, 0.012760, 0.012763, 0.012763, 0.012763, 0.012764, 0.012766, 0.012767, 0.012769, 0.012770, 0.012771, 0.012773, 0.012774, 0.012774, 0.012776, 0.012776, 0.012777, 0.012778, 0.012779, 0.012779, 0.012783, 0.012783, 0.012785, 0.012787, 0.012789, 0.012790, 0.012791, 0.012794, 0.012795, 0.012799, 0.012800, 0.012801, 0.012803, 0.012805, 0.012808, 0.012809, 0.012810, 0.012811, 0.012811, 0.012812, 0.012812, 0.012814, 0.012814, 0.012818, 0.012818, 0.012818, 0.012831, 0.012833, 0.012836, 0.012836, 0.012837, 0.012839, 0.012843, 0.012845, 0.012849, 0.012852, 0.012855, 0.012856, 0.012857, 0.012860, 0.012862, 0.012873, 0.012879, 0.012882, 0.012885, 0.012899, 0.012904, 0.012915, 0.012916, 0.012966, 0.012999, 0.013022, 0.013193]
ITERS: 99
SIZE: 1
BATCHTIME: 1.267184e+00
SELFTIMED: 1.278676e-02
End
Running pass instCountPass (fold, uses=2): 
ITER TIMES: [0.012320, 0.012329, 0.012329, 0.012331, 0.012331, 0.012332, 0.012333, 0.012335, 0.012338, 0.012339, 0.012343, 0.012343, 0.012343, 0.012344, 0.012345, 0.012347, 0.012349, 0.012350, 0.012351, 0.012356, 0.012357, 0.012358, 0.012358, 0.012359, 0.012361, 0.012362, 0.012365, 0.012368, 0.012369, 0.012369, 0.012369, 0.012369, 0.012370, 0.012372, 0.012373, 0.012373, 0.012373, 0.012374, 0.012374, 0.012374, 0.012376, 0.012377, 0.012378, 0.012379, 0.012379, 0.012380, 0.012380, 0.012383, 0.012383, 0.012387, 0.012387, 0.012387, 0.012388, 0.012389, 0.012389, 0.012389, 0.012391, 0.012392, 0.012392, 0.012393, 0.012395, 0.012396, 0.012397, 0.012398, 0.012399, 0.012399, 0.012401, 0.012402, 0.012402, 0.012402, 0.012405, 0.012406, 0.012407, 0.012410, 0.012414, 0.012416, 0.012440, 0.012443, 0.012443, 0.012446, 0.012459, 0.012488, 0.012515, 0.012537, 0.012548, 0.012554, 0.012560, 0.012561, 0.012568, 0.012599, 0.012623, 0.012638, 0.012652, 0.012656, 0.012662, 0.012663, 0.012668, 0.012673, 0.012673]
ITERS: 99
SIZE: 1
BATCHTIME: 1.229354e+00
SELFTIMED: 1.238696e-02
End
Running pass blockCountPass (fold, uses=2): 
ITER TIMES: [0.012304, 0.012322, 0.012324, 0.012327, 0.012329, 0.012330, 0.012330, 0.012331, 0.012332, 0.012332, 0.012334, 0.012334, 0.012336, 0.012337, 0.012338, 0.012338, 0.012339, 0.012340, 0.012341, 0.012342, 0.012343, 0.012344, 0.012345, 0.012345, 0.012346, 0.012348, 0.012348, 0.012349, 0.012349, 0.012352, 0.012352, 0.012352, 0.012356, 0.012356, 0.012356, 0.012358, 0.012359, 0.012361, 0.012361, 0.012363, 0.012364, 0.012367, 0.012368, 0.012369, 0.012370, 0.012371, 0.012372, 0.012373, 0.012373, 0.012374, 0.012374, 0.012374, 0.012374, 0.012375, 0.012376, 0.012376, 0.012376, 0.012376, 0.012377, 0.012378, 0.012378, 0.012378, 0.012379, 0.012379, 0.012380, 0.012381, 0.012385, 0.012385, 0.012385, 0.012389, 0.012389, 0.012389, 0.012389, 0.012392, 0.012392, 0.012393, 0.012393, 0.012394, 0.012395, 0.012399, 0.012402, 0.012404, 0.012406, 0.012407, 0.012409, 0.012411, 0.012426, 0.012427, 0.012428, 0.012432, 0.012435, 0.012438, 0.012443, 0.012475, 0.012511, 0.012574, 0.012625, 0.012637, 0.012659]
ITERS: 99
SIZE: 1
BATCHTIME: 1.225830e+00
SELFTIMED: 1.237356e-02
End
Running pass memoryOpStatsPass (fold, uses=3): 
ITER TIMES: [0.012060, 0.012063, 0.012064, 0.012065, 0.012067, 0.012068, 0.012074, 0.012076, 0.012076, 0.012077, 0.012077, 0.012077, 0.012078, 0.012078, 0.012079, 0.012081, 0.012082, 0.012082, 0.012083, 0.012083, 0.012084, 0.012085, 0.012086, 0.012086, 0.012086, 0.012087, 0.012088, 0.012088, 0.012089, 0.012090, 0.012091, 0.012092, 0.012093, 0.012093, 0.012093, 0.012096, 0.012096, 0.012098, 0.012102, 0.012102, 0.012104, 0.012105, 0.012106, 0.012106, 0.012107, 0.012107, 0.012108, 0.012109, 0.012110, 0.012110, 0.012110, 0.012113, 0.012114, 0.012114, 0.012114, 0.012115, 0.012115, 0.012115, 0.012116, 0.012118, 0.012119, 0.012120, 0.012120, 0.012120, 0.012124, 0.012125, 0.012126, 0.012129, 0.012130, 0.012130, 0.012131, 0.012132, 0.012133, 0.012134, 0.012135, 0.012137, 0.012137, 0.012137, 0.012137, 0.012140, 0.012143, 0.012151, 0.012152, 0.012163, 0.012166, 0.012169, 0.012171, 0.012177, 0.012188, 0.012203, 0.012205, 0.012236, 0.012237, 0.012267, 0.012304, 0.012412, 0.012415, 0.012418, 0.012432]
ITERS: 99
SIZE: 1
BATCHTIME: 1.200732e+00
SELFTIMED: 1.210989e-02
End
Running pass castInstCountPass (fold, uses=3): 
ITER TIMES: [0.018791, 0.018793, 0.018795, 0.018796, 0.018802, 0.018805, 0.018807, 0.018807, 0.018808, 0.018810, 0.018810, 0.018810, 0.018810, 0.018811, 0.018814, 0.018815, 0.018816, 0.018817, 0.018817, 0.018817, 0.018818, 0.018819, 0.018819, 0.018823, 0.018823, 0.018825, 0.018826, 0.018826, 0.018827, 0.018828, 0.018828, 0.018828, 0.018828, 0.018829, 0.018830, 0.018833, 0.018833, 0.018833, 0.018834, 0.018834, 0.018834, 0.018835, 0.018837, 0.018837, 0.018837, 0.018838, 0.018839, 0.018841, 0.018841, 0.018841, 0.018843, 0.018844, 0.018845, 0.018845, 0.018846, 0.018849, 0.018849, 0.018856, 0.018856, 0.018857, 0.018857, 0.018858, 0.018859, 0.018860, 0.018861, 0.018861, 0.018863, 0.018865, 0.018866, 0.018867, 0.018876, 0.018880, 0.018881, 0.018882, 0.018884, 0.018885, 0.018886, 0.018886, 0.018889, 0.018894, 0.018897, 0.018899, 0.018899, 0.018909, 0.018916, 0.018927, 0.018938, 0.018941, 0.018954, 0.019003, 0.019010, 0.019021, 0.019026, 0.019071, 0.019075, 0.019077, 0.019084, 0.019096, 0.019103]
ITERS: 99
SIZE: 1
BATCHTIME: 1.867872e+00
SELFTIMED: 1.884139e-02
End
Running pass branchStatsPass (fold, uses=2): 
ITER TIMES: [0.011878, 0.011887, 0.011892, 0.011892, 0.011893, 0.011895, 0.011895, 0.011897, 0.011899, 0.011903, 0.011904, 0.011904, 0.011904, 0.011905, 0.011905, 0.011905, 0.011906, 0.011908, 0.011908, 0.011910, 0.011910, 0.011910, 0.011911, 0.011911, 0.011911, 0.011912, 0.011913, 0.011915, 0.011916, 0.011916, 0.011917, 0.011917, 0.011918, 0.011920, 0.011921, 0.011922, 0.011923, 0.011924, 0.011924, 0.011924, 0.011924, 0.011926, 0.011927, 0.011927, 0.011928, 0.011930, 0.011930, 0.011931, 0.011931, 0.011933, 0.011934, 0.011935, 0.011936, 0.011937, 0.011937, 0.011937, 0.011937, 0.011938, 0.011939, 0.011939, 0.011939, 0.011940, 0.011940, 0.011941, 0.011943, 0.011945, 0.011947, 0.011952, 0.011952, 0.011954, 0.011954, 0.011956, 0.011958, 0.011959, 0.011959, 0.011959, 0.011960, 0.011960, 0.011961, 0.011961, 0.011962, 0.011965, 0.011965, 0.011965, 0.011966, 0.011969, 0.011972, 0.011979, 0.011979, 0.011985, 0.011988, 0.011989, 0.012002, 0.012006, 0.012015, 0.012025, 0.012040, 0.012047, 0.012234]
ITERS: 99
SIZE: 1
BATCHTIME: 1.182073e+00
SELFTIMED: 1.193345e-02
End
Running pass latencyModelPass (fold, uses=3): 
ITER TIMES: [0.012246, 0.012253, 0.012253, 0.012256, 0.012266, 0.012266, 0.012269, 0.012270, 0.012271, 0.012272, 0.012272, 0.012273, 0.012275, 0.012275, 0.012277, 0.012278, 0.012279, 0.012280, 0.012281, 0.012281, 0.012281, 0.012282, 0.012284, 0.012284, 0.012284, 0.012284, 0.012284, 0.012285, 0.012285, 0.012287, 0.012290, 0.012290, 0.012290, 0.012292, 0.012292, 0.012293, 0.012294, 0.012294, 0.012294, 0.012295, 0.012297, 0.012297, 0.012298, 0.012298, 0.012300, 0.012304, 0.012308, 0.012308, 0.012309, 0.012309, 0.012310, 0.012312, 0.012313, 0.012314, 0.012314, 0.012315, 0.012316, 0.012318, 0.012319, 0.012321, 0.012321, 0.012324, 0.012324, 0.012324, 0.012325, 0.012325, 0.012325, 0.012328, 0.012328, 0.012328, 0.012329, 0.012329, 0.012329, 0.012331, 0.012332, 0.012335, 0.012335, 0.012337, 0.012338, 0.012338, 0.012339, 0.012339, 0.012340, 0.012341, 0.012342, 0.012343, 0.012349, 0.012352, 0.012360, 0.012362, 0.012366, 0.012377, 0.012404, 0.012405, 0.012406, 0.012486, 0.012548, 0.012556, 0.012616]
ITERS: 99
SIZE: 1
BATCHTIME: 1.219553e+00
SELFTIMED: 1.230947e-02
End
Running pass has cycle (fold, uses=4): 
ITER TIMES: [0.024195, 0.024278, 0.024280, 0.024360, 0.024361, 0.024364, 0.024369, 0.024375, 0.024377, 0.024382, 0.024383, 0.024388, 0.024389, 0.024401, 0.024403, 0.024405, 0.024406, 0.024407, 0.024417, 0.024418, 0.024418, 0.024419, 0.024420, 0.024420, 0.024423, 0.024423, 0.024424, 0.024424, 0.024425, 0.024425, 0.024427, 0.024428, 0.024429, 0.024432, 0.024433, 0.024435, 0.024436, 0.024436, 0.024437, 0.024439, 0.024441, 0.024445, 0.024446, 0.024447, 0.024447, 0.024447, 0.024448, 0.024450, 0.024451, 0.024451, 0.024451, 0.024452, 0.024457, 0.024458, 0.024459, 0.024460, 0.024462, 0.024463, 0.024467, 0.024467, 0.024468, 0.024474, 0.024476, 0.024479, 0.024480, 0.024483, 0.024486, 0.024490, 0.024490, 0.024491, 0.024495, 0.024497, 0.024498, 0.024498, 0.024499, 0.024500, 0.024506, 0.024508, 0.024513, 0.024516, 0.024517, 0.024523, 0.024525, 0.024534, 0.024548, 0.024551, 0.024570, 0.024571, 0.024574, 0.024585, 0.024598, 0.024609, 0.024640, 0.024672, 0.024714, 0.024742, 0.024761, 0.024802, 0.034621]
ITERS: 99
SIZE: 1
BATCHTIME: 2.432487e+00
SELFTIMED: 2.445070e-02
End
Running pass throughputModelPass (fold, uses=3): 
ITER TIMES: [0.012260, 0.012296, 0.012296, 0.012297, 0.012305, 0.012307, 0.012307, 0.012308, 0.012308, 0.012312, 0.012313, 0.012314, 0.012319, 0.012319, 0.012320, 0.012320, 0.012327, 0.012333, 0.012333, 0.012333, 0.012336, 0.012337, 0.012337, 0.012341, 0.012341, 0.012341, 0.012341, 0.012341, 0.012342, 0.012345, 0.012346, 0.012346, 0.012347, 0.012347, 0.012349, 0.012350, 0.012351, 0.012352, 0.012352, 0.012354, 0.012357, 0.012357, 0.012358, 0.012359, 0.012361, 0.012362, 0.012364, 0.012365, 0.012366, 0.012366, 0.012367, 0.012367, 0.012367, 0.012368, 0.012368, 0.012370, 0.012371, 0.012371, 0.012373, 0.012373, 0.012376, 0.012380, 0.012386, 0.012386, 0.012388, 0.012389, 0.012389, 0.012390, 0.012392, 0.012392, 0.012395, 0.012398, 0.012399, 0.012402, 0.012403, 0.012409, 0.012412, 0.012413, 0.012431, 0.012435, 0.012447, 0.012452, 0.012455, 0.012505, 0.012513, 0.012526, 0.012577, 0.012584, 0.012589, 0.012622, 0.012673, 0.012918, 0.014602, 0.015545, 0.016402, 0.021841, 0.028070, 0.033034, 0.036100]
ITERS: 99
SIZE: 1
BATCHTIME: 1.304854e+00
SELFTIMED: 1.236587e-02
End: 
Running pass targetReturnPass (map, uses=9): 
ITER TIMES: [0.074245, 0.074334, 0.074406, 0.074454, 0.074645, 0.075277, 0.075316, 0.075383, 0.075554, 0.076018, 0.076095, 0.076106, 0.076178, 0.076234, 0.076461, 0.076562, 0.076800, 0.076835, 0.077134, 0.077226, 0.077376, 0.077472, 0.077515, 0.077900, 0.078163, 0.078228, 0.078278, 0.078487, 0.078634, 0.078636, 0.078659, 0.078665, 0.078673, 0.078677, 0.078684, 0.078700, 0.078762, 0.078781, 0.078785, 0.078820, 0.078821, 0.078844, 0.078845, 0.078846, 0.078891, 0.078919, 0.078939, 0.078941, 0.079028, 0.079033, 0.079037, 0.079074, 0.079076, 0.079157, 0.079189, 0.079245, 0.079259, 0.079289, 0.079323, 0.079328, 0.079351, 0.079363, 0.079417, 0.079492, 0.079494, 0.079502, 0.079544, 0.079548, 0.079549, 0.079558, 0.079649, 0.079681, 0.079709, 0.079713, 0.079725, 0.079736, 0.079761, 0.079878, 0.079937, 0.079986, 0.080005, 0.080039, 0.080049, 0.080171, 0.080223, 0.080350, 0.080404, 0.080450, 0.080461, 0.080462, 0.080464, 0.080472, 0.080566, 0.080580, 0.080586, 0.080736, 0.080802, 0.080854, 0.080902]
ITERS: 99
SIZE: 1
BATCHTIME: 7.785417e+00
SELFTIMED: 7.903292e-02
End
Running pass stripSideEffectsPass (map, uses=7): 
ITER TIMES: [0.074562, 0.074881, 0.075021, 0.075130, 0.075620, 0.075651, 0.075725, 0.076067, 0.076173, 0.076704, 0.076843, 0.077046, 0.077098, 0.077267, 0.077357, 0.077925, 0.078393, 0.078416, 0.078455, 0.078540, 0.078674, 0.078814, 0.078845, 0.078846, 0.078860, 0.078905, 0.079062, 0.079088, 0.079234, 0.079277, 0.079281, 0.079290, 0.079302, 0.079330, 0.079332, 0.079400, 0.079448, 0.079471, 0.079471, 0.079497, 0.079508, 0.079514, 0.079520, 0.079528, 0.079530, 0.079565, 0.079584, 0.079595, 0.079634, 0.079643, 0.079668, 0.079682, 0.079715, 0.079739, 0.079754, 0.079766, 0.079792, 0.079793, 0.079828, 0.079837, 0.079899, 0.079930, 0.079956, 0.079966, 0.080093, 0.080141, 0.080240, 0.080253, 0.080300, 0.080315, 0.080358, 0.080383, 0.080500, 0.080606, 0.080630, 0.080673, 0.080680, 0.080739, 0.080748, 0.080771, 0.080811, 0.080867, 0.080890, 0.080919, 0.080952, 0.080976, 0.080977, 0.080985, 0.081009, 0.081015, 0.081016, 0.081038, 0.081074, 0.081215, 0.081312, 0.081342, 0.081359, 0.081390, 0.081581]
ITERS: 99
SIZE: 1
BATCHTIME: 7.857407e+00
SELFTIMED: 7.964266e-02
End
'#(5714285 714285 535714 267857 14285715 #t 10000001)
